# Created by Octave 5.2.0, Fri Aug 30 19:38:04 2024 GMT <unknown@DESKTOP-G37S2UA>
# name: scale_factor
# type: scalar
247792


